Model Information
=================

Export Time: 2025-12-12 14:49:30
Model Type: PLSRegression
Training Method: plsr
Model File: plsr_PLSRegression_20251212_144930.pkl

Number of Features: 10

Evaluation Results:
------------------
r2: 0.1169
mse: 2.0444
mae: 1.2004
predictions: [85.80252725773273, 87.35571970334779, 89.44291074023434, 89.52290321127437, 90.3915117313929, 87.75888496485157, 87.55234560674178, 87.49947974596601, 87.60487522600361, 87.78061798820782, 87.11523227270096, 87.198224118895, 87.16595230260748, 87.07523238190771, 87.9967506746546, 87.38251820310896, 86.94514741574572, 86.995197215059, 86.4142992803071, 87.2827426907744, 85.76742028402629, 86.04637240713556, 85.77671373941102, 85.75153049063583, 85.82694701799666, 86.76135295154394, 88.5826696367044, 87.87558811902993, 87.61016195609963, 87.35960146142948, 87.77516940139387, 88.72322098971433, 88.39294023512704, 88.08790237095214, 88.69224044475644, 86.97280786956269, 87.10842777463046, 87.09948702720565, 87.52306585852031, 87.31861023661166, 85.81877237957866, 86.13000758639505, 87.27246209869733, 87.56227833520126, 86.8601094756433, 87.14861182116474, 88.3389665338799, 88.54262412077193]
target: [84.4, 83.4, 88.35, 88.75, 88.7, 88.9, 88.55, 87.9, 85.3, 88.6, 84.5, 89.6, 88.65, 87.2, 85.5, 86.0, 88.45, 86.3, 86.6, 88.65, 86.85, 84.7, 88.25, 84.7, 85.1, 88.35, 88.4, 86.5, 88.5, 85.25, 87.15, 88.45, 88.85, 88.4, 88.1, 87.25, 88.7, 88.75, 87.05, 85.4, 87.1, 87.0, 88.3, 88.2, 88.7, 86.1, 87.6, 88.2]
test_rmse: 2.0573
test_r2: -1.1479
test_mae: 1.8212
task_type: regression

Model Parameters:
----------------
copy: True
max_iter: 1000
n_components: 3
scale: False
tol: 1e-06
